,Country,2015,2016,2017,2018,2019
2,Afghanistan,0.0028023910633063567,0.0024262713914894444,0.0024661714794084436,0.0022010467677358045,0.0022738088811879095
5,Albania,0.031842457503514034,0.033306541656238836,0.03678578018189155,0.04325452477577056,0.04417780863600847
8,United Arab Emirates,0.3285921809745439,0.32413345963886814,0.3455315935196277,0.37284247054129316,0.3631144329152337
9,Argentina,0.11593512599758934,0.10739597748692298,0.12297955239470641,0.09888875928557485,0.08402569760673961
10,Armenia,0.02888857700890995,0.028756394884598274,0.03151523750523078,0.03413141585176363,0.03741523568743805
13,Australia,0.4828516874839683,0.42450081914243093,0.4591465558104861,0.4869019592401958,0.4671917098628223
14,Austria,0.3757382986211151,0.38513208277684324,0.40253130935176185,0.438005815168839,0.4264896953634789
15,Azerbaijan,0.04507249535403544,0.031226365701388713,0.03350346796177435,0.03857105540759163,0.039134553909748786
16,Burundi,0.0006611656592517423,0.0002765823200942982,0.00021897003576025324,9.036457137197116e-05,0.0
17,Belgium,0.3484983295998801,0.3569817108460734,0.3749796609749241,0.4043056802359942,0.3963714466958948
18,Benin,0.007254752657376038,0.007344439750401687,0.0077659738943531365,0.008665624101031263,0.008474892018988824
19,Burkina Faso,0.0036344048807406644,0.003932974143288846,0.004332613915853844,0.004926823582951709,0.004855135257208261
20,Bangladesh,0.008722288659115316,0.01003127629079837,0.011417992529303997,0.012566706754385327,0.013914137716297625
21,Bulgaria,0.05853219007830703,0.06276234214761323,0.06957451101558286,0.07881118974245599,0.08250932146789319
22,Bahrain,0.19155349453266404,0.19133435077280717,0.2010333494793406,0.20396590305720844,0.19940037989877488
24,Bosnia and Herzegovina,0.03848426550632413,0.04075222525489568,0.04416592014630116,0.04994590106210678,0.050368347608367135
25,Belarus,0.04906278980461309,0.04113446527464727,0.04751211299652542,0.05242273447668687,0.05650633148290563
28,Bolivia,0.02400423727664887,0.02435206184335046,0.02669855770842366,0.028386748457777562,0.028416477317824346
29,Brazil,0.07340198290008901,0.07251348869807338,0.082931717574166,0.07628643221404031,0.0741163855866343
32,Bhutan,0.021581878932846806,0.023103173827203314,0.026146894856119207,0.025778256948244472,0.026456947107794025
33,Botswana,0.05278905044211492,0.05774768033207464,0.06042508999901011,0.06220150914022494,0.05962977066558418
35,Canada,0.37076338640169954,0.3598157943407556,0.38387128155962535,0.39600407458734793,0.3942071974462459
37,Switzerland,0.7228217287063664,0.7082635279833018,0.7106471333129615,0.7366053730162956,0.7275954381188062
39,Chile,0.11409796662656697,0.1156318986897913,0.12627764289245602,0.1338807279889751,0.12407960697674218
40,China,0.06658345368789892,0.0672497135785085,0.07342760585293964,0.0827322301958172,0.08477119454914402
42,Cameroon,0.009868371577308285,0.01013122837114375,0.010611624152895531,0.011601568234146719,0.011155768690192703
45,Colombia,0.05084807776304591,0.048239716802894614,0.0525650303359575,0.055581862211324586,0.05297772657373518
48,Costa Rica,0.09758601252671413,0.10073593992804822,0.10256848741833095,0.10479000600384357,0.10657170527619615
53,Cyprus,0.19817276339366555,0.20841121466090826,0.22553497965686792,0.2488337134814486,0.24773911643161547
54,Czech Republic,0.15047956628586104,0.1568533234009297,0.17447306197537515,0.19827021576051396,0.20032556924846562
55,Germany,0.3493098379312598,0.3580368105209415,0.3788523458597029,0.4079872260324978,0.3981104306881617
58,Denmark,0.4533382455084297,0.46538535860629365,0.4905723145985705,0.5246139971217854,0.5090868949788234
59,Dominican Republic,0.057222782646722974,0.060295068400992954,0.06310323904488248,0.06687594625289983,0.06885486822126231
60,Algeria,0.03376678350032849,0.031788168962149185,0.03318379853628841,0.03346011334953539,0.03215763207008642
66,Ecuador,0.05040877311949284,0.04985821888805181,0.05116976138367608,0.05187448951959531,0.05124688870138785
70,Spain,0.21803850865118737,0.22464985933592338,0.23828799738942708,0.25751668790738086,0.25072484922357186
71,Estonia,0.14676356709054333,0.15435430259644334,0.17234500894907373,0.19512892605556603,0.19807686925893017
72,Ethiopia,0.0035250997164761664,0.004179826791132663,0.00461924260056891,0.004644906186985302,0.005365061320060923
75,Finland,0.3638262037719232,0.37237191510931955,0.39385800649485136,0.4252081519071547,0.41378756110252174
77,France,0.31127809834135045,0.3146908687504861,0.32877905050180545,0.3534626837523015,0.34496608681692037
80,Gabon,0.061182627117918595,0.057760523189819966,0.05986376965380887,0.06609251988497025,0.0644509715001165
81,United Kingdom,0.3862241331963509,0.35283919257519575,0.34735228023706055,0.37119782901571463,0.3662695805885631
82,Georgia,0.03236723984260877,0.032777466769374514,0.03529805232787674,0.038425257050957895,0.038213200232703
83,Ghana,0.013215960112713492,0.014907705020823168,0.015782582668047353,0.017377615599297135,0.017255917059503363
85,Guinea,0.00462550458728833,0.00430949026891051,0.005363474453375451,0.006214433104290142,0.00709528060130022
89,Greece,0.1525904492291001,0.1511814690715956,0.1565195493252181,0.16687399443356352,0.16162830186737148
92,Guatemala,0.032200110205693425,0.033727560588220795,0.03612773362675085,0.03633613448339471,0.03770581303471039
97,Honduras,0.017594274812359353,0.017937050671752688,0.018880669106791363,0.01936111437771935,0.01990474369184383
99,Croatia,0.10007042002808758,0.10515177590717095,0.11456920454561943,0.12823322527913614,0.12895313067180944
100,Haiti,0.00990551296354388,0.009080734932281986,0.009753417826715176,0.010696247466708407,0.009272153826376446
101,Hungary,0.10680154398909303,0.11010724896591251,0.12307064319783594,0.1384907286711165,0.14112635273993754
106,Indonesia,0.026532452290614083,0.028508366328339637,0.030857373845932182,0.03133853915913405,0.033401832852335514
109,India,0.01177567302633227,0.01286099056146832,0.01498216975265561,0.01512107861165069,0.01600880215556048
111,Ireland,0.5279962712416297,0.5351042525108305,0.593091428345251,0.6740297028453265,0.6895691787819426
113,Iraq,0.03813056626301316,0.03695368124169696,0.04067084771309568,0.04862505644966889,0.049178843485640195
114,Iceland,0.45074632658891284,0.5279994803222026,0.6136820090070316,0.6347102249426486,0.5874470256296215
115,Israel,0.3041843675381123,0.3171948393710829,0.3466373405183186,0.3576600949653054,0.37379933079776256
116,Italy,0.2564948314980561,0.26256042424389625,0.2744178974729486,0.2938981297658697,0.2856598207684702
117,Jamaica,0.04000806281670927,0.03945939292901093,0.04139451321090917,0.04387289313952488,0.04395415022647218
118,Jordan,0.033648968173276415,0.03374512875601027,0.03422526921494013,0.03488042244578682,0.03571257294968965
119,Japan,0.2969363351414523,0.3348958782209624,0.33053872447879074,0.33837909403958233,0.3466670841405955
120,Kazakhstan,0.08790820414465025,0.0640050876255359,0.07710886704021234,0.08193958068521388,0.08193931939862761
121,Kenya,0.010569788456705803,0.011088567313665707,0.012014075576625857,0.013387085442008166,0.01440065672682494
123,Cambodia,0.007990914372616705,0.008903004409490585,0.009891884386968558,0.010976501951810302,0.012096406367683436
127,Kuwait,0.2534113416657462,0.23446281638959468,0.2524701946406066,0.2835859998520093,0.2748160953193242
130,Lebanon,0.06356974582660026,0.06348265797571143,0.06490073165352757,0.06694263266391609,0.06283666554430545
131,Liberia,0.00421792381259161,0.0043832138568938445,0.004213683326881557,0.0041211885565117885,0.0037969538253438163
132,Libya,0.03513491720134273,0.032546867003205346,0.04726442958136482,0.06539248423333852,0.0637580679446803
138,Sri Lanka,0.03091040186191117,0.03127383774978928,0.03290462797626363,0.03275214680480334,0.030982941693674142
143,Lithuania,0.11994617024317789,0.12627172683587712,0.14205001309077844,0.16199638476279646,0.16540716382782372
144,Luxembourg,0.8993079688615886,0.9113377777500247,0.937791777550054,1.0,0.9659844982495636
145,Latvia,0.11586547628101482,0.1204915557488961,0.13189903768602868,0.150707051635321,0.15131006876849187
148,Morocco,0.022630255269797075,0.02281375825999861,0.023999815417170806,0.025637240045378668,0.02570578682731292
150,Moldova,0.0214094143211896,0.022674551487163554,0.028054205298484496,0.03421539274718187,0.03644953334143427
151,Madagascar,0.0020434584762651672,0.0021180090428626007,0.00245431760650849,0.002528291293671389,0.002520114383926185
154,Mexico,0.08026409091047243,0.07280802990306402,0.0774531305948994,0.08086544004764082,0.08311787060652581
158,Mali,0.0044734767162212695,0.004723548238249971,0.005145008905805867,0.005698857469735207,0.005564107637877765
159,Malta,0.21111006756754078,0.21811910842559895,0.2395713390333163,0.26027416558245586,0.2561184049319566
160,Myanmar,0.008280207134113612,0.007766117467741875,0.007890114106576928,0.008736996637017382,0.008915999925498973
162,Montenegro,0.05374111685842554,0.0581411091803841,0.06459689645983205,0.07367491281503206,0.0742283625913904
163,Mongolia,0.031180053914231464,0.029325452459904023,0.02957089900782402,0.03358688520671926,0.0357070904917567
166,Mauritania,0.011078620771973647,0.011187907044752,0.011621836197121867,0.01232794390059542,0.012952883575721413
167,Mauritius,0.07721886149788997,0.08081956167508973,0.08768709028463433,0.09387192385784854,0.09292146188512605
168,Malawi,0.0013027644005052415,0.0007486102911894751,0.0023760403881825363,0.0027048117106007893,0.003108789224772319
169,Malaysia,0.08315884411409186,0.08198370098809142,0.08575834815248155,0.09534015798791795,0.09579105340779212
173,Niger,0.0021880922421278065,0.0023254084293283643,0.0024755047861694454,0.0029282078810966123,0.0027860805260814386
174,Nigeria,0.02102489403450138,0.01665214474140914,0.014878709916155817,0.015384938185543097,0.017112572345334025
175,Nicaragua,0.015573646876297507,0.016067130288776307,0.016508123507488218,0.015272059306655294,0.014520789368561058
176,Netherlands,0.38426348247322484,0.3913817712405945,0.41315791292977544,0.4513186807317126,0.4466819405714434
177,Norway,0.633733146061642,0.6004341831087733,0.6434898814771106,0.7013773536968783,0.6453963552197298
178,Nepal,0.005758230596687727,0.00573919972872119,0.007012441638670798,0.008124461737762304,0.00826493404762336
180,New Zealand,0.3283128433801722,0.34070727440055437,0.36560613208660325,0.3682835424391081,0.36357415382180563
184,Pakistan,0.009647442099119123,0.009747973896377578,0.010572970372612789,0.010720760226990974,0.009065139522920169
185,Panama,0.11457785253409959,0.12067927667440369,0.12753943975247645,0.1309470918116001,0.13290705843834866
186,Peru,0.05130310877367873,0.05109703570087803,0.055418778948949914,0.05753288817917325,0.05812978680575381
187,Philippines,0.023705624882445812,0.024326399083953426,0.02475036477034837,0.025852061262428568,0.027846008677653224
190,Poland,0.10558569857144295,0.10446526852789986,0.1165816319940004,0.1302929297340353,0.1325475468316609
194,Portugal,0.16255682530974933,0.16884937339351647,0.1813222759973817,0.1993928412076871,0.19751003040448656
195,Paraguay,0.04433269110264631,0.04357038016161147,0.04659904666661243,0.047487438799836044,0.04405216700166623
200,Qatar,0.536986338843334,0.48674968515424694,0.5035224605270036,0.561512745272396,0.530465960082944
201,Romania,0.07472847760676003,0.07968224444578689,0.09044081192774787,0.10405099208333021,0.10832873221654678
203,Rwanda,0.004470095537462401,0.004416092943753164,0.004651678246085313,0.004748457287728855,0.005060608730030792
205,Saudi Arabia,0.17440233379395903,0.1679975481228182,0.17589451535132875,0.19756303800727984,0.195876957793159
207,Senegal,0.008472617140806354,0.0089056700233945,0.009690480254420116,0.010514347257774363,0.010275644955602885
208,Singapore,0.47378602991898483,0.48405844304389134,0.5210620170549483,0.5681050585135651,0.5592280384355216
210,Sierra Leone,0.003077862069114632,0.002335669708011812,0.0022952071939897666,0.002614173354909552,0.002509558726280579
211,El Salvador,0.029728886660956366,0.030587368412934128,0.031478702686221945,0.032695863179037846,0.03367993502383632
214,Serbia,0.04583056067049402,0.04733711052925083,0.051845498722031085,0.060051570658945765,0.06146050305164072
222,Slovenia,0.17657247647524832,0.18325693724434827,0.19857977666363671,0.22121955295692283,0.2198418576232435
223,Sweden,0.4387243833524836,0.4423122791345772,0.4579262229186139,0.46474469472018615,0.4420923289794096
229,Chad,0.004683334109188078,0.003977422324205053,0.003742310289778261,0.00425699353269401,0.0041149821806259175
232,Togo,0.00292979842897924,0.004915293679078048,0.0051511965251376905,0.005756293414214022,0.005686441196536037
233,Thailand,0.04797704190664537,0.0492872360431574,0.05442117289001379,0.06043182224728414,0.06487854634751203
234,Tajikistan,0.006413576865907135,0.0049490691550151495,0.0053044598868935535,0.0053433290152702885,0.005662434448340982
235,Turkmenistan,0.05304360569823961,0.05265886575037365,0.05436367276812281,0.05761480397850884,0.06312616733021549
243,Tunisia,0.03305674012382722,0.031599323622114,0.029576690763965602,0.02951783031431779,0.02860956975428692
244,Turkey,0.0921444248509968,0.09118967709675987,0.08858270469980199,0.07887657162430811,0.07603109536050347
246,Tanzania,0.0061530671609562205,0.006311823945641169,0.006640145841124579,0.006964437582699797,0.007332449665455113
247,Uganda,0.005292450313854853,0.004345981353959121,0.004433789935500831,0.0046370059750654126,0.004876256423018054
248,Ukraine,0.016213222158893422,0.016752408153237225,0.02060466398281076,0.02452223694188828,0.029351663652320684
250,Uruguay,0.13153482644011938,0.14095514277021348,0.15784214563453025,0.1579529991306394,0.14926827962079994
251,United States,0.4841883583983666,0.49408864265862085,0.5119416673049886,0.5372026844209417,0.5561402280366322
252,Uzbekistan,0.021593342626554057,0.021171916682657246,0.01443585208823112,0.011702687120732249,0.01330089733868642
257,Vietnam,0.015875005374967707,0.016790400804068843,0.018272389495585586,0.019990155838842942,0.02126252845017563
261,Kosovo,0.02814887118120489,0.03019038003767611,0.03232616104073646,0.03552929217936904,0.03580337670032072
263,South Africa,0.051565904357704764,0.04726670724151101,0.055251489240227304,0.05793728500864146,0.054685716849834885
264,Zambia,0.009490333280080004,0.008998884667658667,0.011173729697713202,0.01101276260755498,0.009205729496390931
265,Zimbabwe,0.010403212165111657,0.010570087237023799,0.00860888897567323,0.008775199608704973,0.009306094543680133
