,Country,Rank,Score,Life Expentancy,Freedom,Corruption,Generosity
0,Norway,1,7.53700017929077,,0.635422587394714,,0.36201223731041
1,Denmark,2,7.52199983596802,,0.626006722450256,,0.355280488729477
2,Iceland,3,7.50400018692017,,0.627162635326385,,0.475540220737457
3,Switzerland,4,7.49399995803833,,0.620070576667786,,0.290549278259277
4,Finland,5,7.4689998626709,,0.617950856685638,,0.24548277258873
5,Netherlands,6,7.3769998550415,,0.585384488105774,,0.470489829778671
6,Canada,7,7.31599998474121,,0.611100912094116,,0.435539722442627
7,New Zealand,8,7.31400012969971,,0.614062130451202,,0.500005125999451
8,Sweden,9,7.28399991989136,,0.612924098968506,,0.385399252176285
9,Australia,10,7.28399991989136,,0.601607382297516,,0.477699249982834
10,Israel,11,7.21299982070923,,0.405988603830338,,0.330082654953003
11,Costa Rica,12,7.0789999961853,,0.580131649971008,,0.214613229036331
12,Austria,13,7.00600004196167,,0.567766189575195,,0.316472321748734
13,United States,14,6.99300003051758,,0.505740523338318,,0.392578780651093
14,Ireland,15,6.97700023651123,,0.573110342025757,,0.42785832285881
15,Germany,16,6.95100021362305,,0.562511384487152,,0.336269170045853
16,Belgium,17,6.89099979400635,,0.539770722389221,,0.231503337621689
17,Luxembourg,18,6.86299991607666,,0.59662789106369,,0.283180981874466
18,United Kingdom,19,6.71400022506714,,0.508190035820007,,0.492774158716202
19,Chile,20,6.65199995040894,,0.376895278692245,,0.326662421226501
20,United Arab Emirates,21,6.64799976348877,,0.60834527015686,,0.3609419465065
21,Brazil,22,6.63500022888184,,0.437453746795654,,0.16234989464283
22,Czech Republic,23,6.60900020599365,,0.490946173667908,,0.0881067588925362
23,Argentina,24,6.59899997711182,,0.494519203901291,,0.109457060694695
24,Mexico,25,6.57800006866455,,0.412730008363724,,0.120990432798862
25,Singapore,26,6.57200002670288,,0.549840569496155,,0.345965981483459
26,Malta,27,6.52699995040894,,0.588767051696777,,0.574730575084686
27,Uruguay,28,6.4539999961853,,0.57939225435257,,0.175096929073334
28,Guatemala,29,6.4539999961853,,0.531310617923737,,0.283488392829895
29,Panama,30,6.4520001411438,,0.550026834011078,,0.21055693924427
30,France,31,6.44199991226196,,0.470222115516663,,0.129762306809425
31,Thailand,32,6.42399978637695,,0.580200731754303,,0.572123110294342
33,Spain,34,6.40299987792969,,0.408781230449677,,0.190133571624756
34,Qatar,35,6.375,,0.604130983352661,,0.330473870038986
35,Colombia,36,6.35699987411499,,0.477487415075302,,0.149014472961426
36,Saudi Arabia,37,6.3439998626709,,0.449750572443008,,0.147616013884544
38,Kuwait,39,6.10500001907349,,0.496337592601776,,0.228289797902107
40,Bahrain,41,6.08699989318848,,0.536746919155121,,0.172668486833572
41,Malaysia,42,6.08400011062622,,0.402264982461929,,0.416608929634094
42,Nicaragua,43,6.07100009918213,,0.447551846504211,,0.301674216985703
43,Ecuador,44,6.00799989700317,,0.4551981985569,,0.150112465023994
44,El Salvador,45,6.00299978256226,,0.432452529668808,,0.0782579854130745
45,Poland,46,5.97300004959106,,0.520342111587524,,0.158465966582298
46,Uzbekistan,47,5.97100019454956,,0.658248662948608,,0.415983647108078
47,Italy,48,5.96400022506714,,0.256450712680817,,0.17278964817524
50,Japan,51,5.92000007629395,,0.505625545978546,,0.12057276815176
51,Lithuania,52,5.90199995040894,,0.234231784939766,,0.010164656676352
52,Algeria,53,5.87200021743774,,0.233335807919502,,0.0694366469979286
53,Latvia,54,5.84999990463257,,0.325707912445068,,0.153074786067009
55,Moldova,56,5.83799982070923,,0.240729048848152,,0.208779126405716
56,Romania,57,5.82499980926514,,0.457003742456436,,0.133519917726517
57,Bolivia,58,5.82299995422363,,0.558732926845551,,0.22556072473526
58,Turkmenistan,59,5.82200002670288,,0.41827192902565,,0.24992498755455
59,Kazakhstan,60,5.81899976730347,,0.437454283237457,,0.201964423060417
61,Slovenia,62,5.75799989700317,,0.572575807571411,,0.242649093270302
62,Peru,63,5.71500015258789,,0.450002878904343,,0.126819714903831
63,Mauritius,64,5.62900018692017,,0.491247326135635,,0.360933750867844
64,Cyprus,65,5.62099981307983,,0.355111539363861,,0.271254301071167
65,Estonia,66,5.61100006103516,,0.479131430387497,,0.0988908112049103
66,Belarus,67,5.56899976730347,,0.295400261878967,,0.15513750910759
67,Libya,68,5.52500009536743,,0.465733230113983,,0.152073666453362
68,Turkey,69,5.5,,0.300740599632263,,0.0466930419206619
69,Paraguay,70,5.49300003051758,,0.473507791757584,,0.224150657653809
71,Philippines,72,5.42999982833862,,0.585214674472809,,0.193513423204422
72,Serbia,73,5.39499998092651,,0.208715528249741,,0.220125883817673
73,Jordan,74,5.33599996566772,,0.418421149253845,,0.172170460224152
74,Hungary,75,5.32399988174438,,0.175863519310951,,0.0784016624093056
75,Jamaica,76,5.31099987030029,,0.474307239055634,,0.233818337321281
76,Croatia,77,5.29300022125244,,0.255772292613983,,0.248002976179123
77,Kosovo,78,5.27899980545044,,0.260287940502167,,0.319931447505951
78,China,79,5.27299976348877,,0.472787708044052,,0.0288068410009146
79,Pakistan,80,5.26900005340576,,0.23521526157856,,0.315446019172668
80,Indonesia,81,5.26200008392334,,0.443323463201523,,0.611704587936401
82,Montenegro,83,5.23699998855591,,0.194989055395126,,0.197911024093628
83,Morocco,84,5.2350001335144,,0.408158332109451,,0.0322099551558495
84,Azerbaijan,85,5.23400020599365,,0.398155838251114,,0.0452693402767181
85,Dominican Republic,86,5.23000001907349,,0.55258983373642,,0.186967849731445
86,Greece,87,5.22700023651123,,0.0957312509417534,,0.0
87,Lebanon,88,5.22499990463257,,0.288515985012054,,0.264450758695602
88,Portugal,89,5.19500017166138,,0.498465299606323,,0.0951027125120163
89,Bosnia and Herzegovina,90,5.18200016021729,,0.204403176903725,,0.328867495059967
90,Honduras,91,5.18100023269653,,0.348079860210419,,0.236188873648643
93,Vietnam,94,5.07399988174438,,0.571055591106415,,0.234968051314354
94,Nigeria,95,5.07399988174438,,0.394952565431595,,0.230947196483612
95,Tajikistan,96,5.04099988937378,,0.471566706895828,,0.248997643589973
96,Bhutan,97,5.01100015640259,,0.501537680625916,,0.474054545164108
98,Nepal,99,4.96199989318848,,0.440305948257446,,0.394096165895462
99,Mongolia,100,4.95499992370605,,0.394143968820572,,0.338464230298996
100,South Africa,101,4.8289999961853,,0.479246735572815,,0.139362379908562
101,Tunisia,102,4.80499982833862,,0.289680689573288,,0.0496933571994305
104,Bulgaria,105,4.71400022506714,,0.289231717586517,,0.113177694380283
105,Sierra Leone,106,4.70900011062622,,0.318697690963745,,0.293040901422501
106,Cameroon,107,4.69500017166138,,0.430388748645782,,0.236298456788063
108,Albania,109,4.64400005340576,,0.381498634815216,,0.201312944293022
109,Bangladesh,110,4.60799980163574,,0.478356659412384,,0.172255352139473
111,Kenya,112,4.55299997329712,,0.452763766050339,,0.444860309362411
113,Myanmar,114,4.54500007629395,,0.514492034912109,,0.838075160980225
114,Senegal,115,4.53499984741211,,0.377922266721725,,0.183468893170357
115,Zambia,116,4.51399993896484,,0.461603492498398,,0.249580144882202
116,Iraq,117,4.49700021743774,,0.288555532693863,,0.19963726401329
117,Gabon,118,4.46500015258789,,0.312328577041626,,0.0437853783369064
118,Ethiopia,119,4.46000003814697,,0.408842742443085,,0.312650740146637
119,Sri Lanka,120,4.44000005722046,,0.561213254928589,,0.490863561630249
120,Armenia,121,4.37599992752075,,0.198303267359734,,0.0834880918264389
121,India,122,4.31500005722046,,0.469987004995346,,0.231538489460945
122,Mauritania,123,4.29199981689453,,0.0960980430245399,,0.201870024204254
124,Georgia,125,4.28599977493286,,0.309410035610199,,0.0540088154375553
126,Mali,127,4.19000005722046,,0.306613743305206,,0.183354198932648
128,Cambodia,129,4.16800022125244,,0.633375823497772,,0.385922968387604
130,Ghana,131,4.11999988555908,,0.423026293516159,,0.256923943758011
131,Ukraine,132,4.09600019454956,,0.122974775731564,,0.270061463117599
132,Uganda,133,4.08099985122681,,0.443185955286026,,0.325766056776047
133,Burkina Faso,134,4.03200006484985,,0.324367851018906,,0.250864684581757
134,Niger,135,4.02799987792969,,0.36365869641304,,0.228673845529556
135,Malawi,136,3.97000002861023,,0.466914653778076,,0.287170469760895
136,Chad,137,3.93600010871887,,0.16234202682972,,0.216113850474358
137,Zimbabwe,138,3.875,,0.336384207010269,,0.189143493771553
140,Afghanistan,141,3.79399991035461,,0.106179520487785,,0.311870932579041
141,Botswana,142,3.76600003242493,,0.505196332931519,,0.0993484482169151
142,Benin,143,3.65700006484985,,0.425962775945663,,0.207948461174965
143,Madagascar,144,3.64400005340576,,0.189196765422821,,0.208732530474663
144,Haiti,145,3.6029999256134,,0.0303698573261499,,0.489203780889511
147,Liberia,148,3.53299999237061,,0.332881182432175,,0.26654988527298
148,Guinea,149,3.50699996948242,,0.348587512969971,,0.264815092086792
149,Togo,150,3.49499988555908,,0.38042613863945,,0.196896150708199
150,Rwanda,151,3.47099995613098,,0.581843852996826,,0.252756029367447
152,Tanzania,153,3.34899997711182,,0.390017777681351,,0.354256361722946
153,Burundi,154,2.90499997138977,,0.0599007532000542,,0.204435184597969
