,Country,Rank,Score,Life Expentancy,Freedom,Corruption,Generosity
0,Afghanistan,141,3.79399991035461,0.17344,0.106179520487785,0.07112,0.311870932579041
1,Albania,109,4.64400005340576,0.73007,0.381498634815216,0.05301,0.201312944293022
2,Algeria,53,5.87200021743774,0.61804,0.233335807919502,0.16157,0.0694366469979286
3,Argentina,24,6.59899997711182,0.69711,0.494519203901291,0.07296,0.109457060694695
4,Armenia,121,4.37599992752075,0.64083,0.198303267359734,0.03616,0.0834880918264389
5,Australia,10,7.28399991989136,0.8512,0.601607382297516,0.32331,0.477699249982834
6,Austria,13,7.00600004196167,0.80565,0.567766189575195,0.21348,0.316472321748734
7,Azerbaijan,85,5.23400020599365,0.54504,0.398155838251114,0.17914,0.0452693402767181
8,Bahrain,41,6.08699989318848,0.65696,0.536746919155121,0.25772,0.172668486833572
9,Bangladesh,110,4.60799980163574,0.52989,0.478356659412384,0.12583,0.172255352139473
10,Belarus,67,5.56899976730347,0.63104,0.295400261878967,0.17457,0.15513750910759
11,Belgium,17,6.89099979400635,0.81959,0.539770722389221,0.26248,0.231503337621689
12,Benin,143,3.65700006484985,0.21028,0.425962775945663,0.06681,0.207948461174965
13,Bhutan,97,5.01100015640259,0.49759,0.501537680625916,0.1616,0.474054545164108
14,Bolivia,58,5.82299995422363,0.4697,0.558732926845551,0.07746,0.22556072473526
15,Bosnia and Herzegovina,90,5.18200016021729,0.70766,0.204403176903725,0.0,0.328867495059967
16,Botswana,142,3.76600003242493,0.34752,0.505196332931519,0.10769,0.0993484482169151
17,Brazil,22,6.63500022888184,0.61415,0.437453746795654,0.14166,0.16234989464283
18,Bulgaria,105,4.71400022506714,0.67806,0.289231717586517,0.00615,0.113177694380283
19,Burkina Faso,134,4.03200006484985,0.21297,0.324367851018906,0.12533,0.250864684581757
20,Burundi,154,2.90499997138977,0.15747,0.0599007532000542,0.09419,0.204435184597969
21,Cambodia,129,4.16800022125244,0.42494,0.633375823497772,0.08092,0.385922968387604
22,Cameroon,107,4.69500017166138,0.12698,0.430388748645782,0.06126,0.236298456788063
23,Canada,7,7.31599998474121,0.8276,0.611100912094116,0.31329,0.435539722442627
24,Chad,137,3.93600010871887,0.03824,0.16234202682972,0.04952,0.216113850474358
25,Chile,20,6.65199995040894,0.81883,0.376895278692245,0.11451,0.326662421226501
26,China,79,5.27299976348877,0.73561,0.472787708044052,0.02745,0.0288068410009146
27,Colombia,36,6.35699987411499,0.59659,0.477487415075302,0.05399,0.149014472961426
28,Costa Rica,12,7.0789999961853,0.76146,0.580131649971008,0.10547,0.214613229036331
29,Croatia,77,5.29300022125244,0.70524,0.255772292613983,0.04002,0.248002976179123
30,Cyprus,65,5.62099981307983,0.8488,0.355111539363861,0.05228,0.271254301071167
31,Czech Republic,23,6.60900020599365,0.76376,0.490946173667908,0.03986,0.0881067588925362
32,Denmark,2,7.52199983596802,0.79504,0.626006722450256,0.44453,0.355280488729477
33,Dominican Republic,86,5.23000001907349,0.57669,0.55258983373642,0.12372,0.186967849731445
34,Ecuador,44,6.00799989700317,0.68613,0.4551981985569,0.18037,0.150112465023994
35,El Salvador,45,6.00299978256226,0.596,0.432452529668808,0.10613,0.0782579854130745
36,Estonia,66,5.61100006103516,0.68098,0.479131430387497,0.18519,0.0988908112049103
37,Ethiopia,119,4.46000003814697,0.34578,0.408842742443085,0.1717,0.312650740146637
38,Finland,5,7.4689998626709,0.81091,0.617950856685638,0.41004,0.24548277258873
39,France,31,6.44199991226196,0.83795,0.470222115516663,0.17808,0.129762306809425
40,Gabon,118,4.46500015258789,0.3494,0.312328577041626,0.09314,0.0437853783369064
41,Georgia,125,4.28599977493286,0.64035,0.309410035610199,0.3188,0.0540088154375553
42,Germany,16,6.95100021362305,0.81487,0.562511384487152,0.28551,0.336269170045853
43,Ghana,131,4.11999988555908,0.29681,0.423026293516159,0.0326,0.256923943758011
44,Greece,87,5.22700023651123,0.80029,0.0957312509417534,0.04127,0.0
45,Guatemala,29,6.4539999961853,0.54039,0.531310617923737,0.08701,0.283488392829895
46,Guinea,149,3.50699996948242,0.18829,0.348587512969971,0.1192,0.264815092086792
47,Haiti,145,3.6029999256134,0.27494,0.0303698573261499,0.14476,0.489203780889511
48,Honduras,91,5.18100023269653,0.58383,0.348079860210419,0.06906,0.236188873648643
49,Hungary,75,5.32399988174438,0.67608,0.175863519310951,0.04472,0.0784016624093056
50,Iceland,3,7.50400018692017,0.86733,0.627162635326385,0.14975,0.475540220737457
51,India,122,4.31500005722046,0.45091,0.469987004995346,0.08722,0.231538489460945
52,Indonesia,81,5.26200008392334,0.49374,0.443323463201523,0.00322,0.611704587936401
53,Iraq,117,4.49700021743774,0.51076,0.288555532693863,0.13636,0.19963726401329
54,Ireland,15,6.97700023651123,0.81455,0.573110342025757,0.29754,0.42785832285881
55,Israel,11,7.21299982070923,0.84917,0.405988603830338,0.08728,0.330082654953003
56,Italy,48,5.96400022506714,0.85102,0.256450712680817,0.02556,0.17278964817524
57,Jamaica,76,5.31099987030029,0.59469,0.474307239055634,0.04294,0.233818337321281
58,Japan,51,5.92000007629395,0.91491,0.505625545978546,0.18985,0.12057276815176
59,Jordan,74,5.33599996566772,0.60712,0.418421149253845,0.13297,0.172170460224152
60,Kazakhstan,60,5.81899976730347,0.57386,0.437454283237457,0.11132,0.201964423060417
61,Kenya,112,4.55299997329712,0.30147,0.452763766050339,0.06686,0.444860309362411
62,Kosovo,78,5.27899980545044,0.54,0.260287940502167,0.06547,0.319931447505951
63,Kuwait,39,6.10500001907349,0.63569,0.496337592601776,0.23669,0.228289797902107
64,Latvia,54,5.84999990463257,0.63952,0.325707912445068,0.0889,0.153074786067009
65,Lebanon,88,5.22499990463257,0.76171,0.288515985012054,0.03061,0.264450758695602
66,Liberia,148,3.53299999237061,0.23165,0.332881182432175,0.04852,0.26654988527298
67,Libya,68,5.52500009536743,0.52304,0.465733230113983,0.10339,0.152073666453362
68,Lithuania,52,5.90199995040894,0.64674,0.234231784939766,0.0182,0.010164656676352
69,Luxembourg,18,6.86299991607666,0.84542,0.59662789106369,0.35329,0.283180981874466
70,Madagascar,144,3.64400005340576,0.37109,0.189196765422821,0.07506,0.208732530474663
71,Malawi,136,3.97000002861023,0.29364,0.466914653778076,0.07564,0.287170469760895
72,Malaysia,42,6.08400011062622,0.62366,0.402264982461929,0.09081,0.416608929634094
73,Mali,127,4.19000005722046,0.16347,0.306613743305206,0.13647,0.183354198932648
74,Malta,27,6.52699995040894,0.80315,0.588767051696777,0.17554,0.574730575084686
75,Mauritania,123,4.29199981689453,0.28639,0.0960980430245399,0.17955,0.201870024204254
76,Mauritius,64,5.62900018692017,0.66189,0.491247326135635,0.05203,0.360933750867844
77,Mexico,25,6.57800006866455,0.71143,0.412730008363724,0.18355,0.120990432798862
78,Moldova,56,5.83799982070923,0.52309,0.240729048848152,0.01903,0.208779126405716
79,Mongolia,100,4.95499992370605,0.55469,0.394143968820572,0.03285,0.338464230298996
80,Montenegro,83,5.23699998855591,0.63533,0.194989055395126,0.12721,0.197911024093628
81,Morocco,84,5.2350001335144,0.59471,0.408158332109451,0.08404,0.0322099551558495
82,Myanmar,114,4.54500007629395,0.3988,0.514492034912109,0.20243,0.838075160980225
83,Nepal,99,4.96199989318848,0.50073,0.440305948257446,0.07008,0.394096165895462
84,Netherlands,6,7.3769998550415,0.81231,0.585384488105774,0.29927,0.470489829778671
85,New Zealand,8,7.31400012969971,0.83096,0.614062130451202,0.41904,0.500005125999451
86,Nicaragua,43,6.07100009918213,0.65213,0.447551846504211,0.16292,0.301674216985703
87,Niger,135,4.02799987792969,0.26162,0.36365869641304,0.17176,0.228673845529556
88,Nigeria,95,5.07399988174438,0.05108,0.394952565431595,0.0305,0.230947196483612
89,Norway,1,7.53700017929077,0.79579,0.635422587394714,0.35776,0.36201223731041
90,Pakistan,80,5.26900005340576,0.40306,0.23521526157856,0.1388,0.315446019172668
91,Panama,30,6.4520001411438,0.70835,0.550026834011078,0.08423,0.21055693924427
92,Paraguay,70,5.49300003051758,0.58295,0.473507791757584,0.07396,0.224150657653809
93,Peru,63,5.71500015258789,0.62994,0.450002878904343,0.05292,0.126819714903831
94,Philippines,72,5.42999982833862,0.47036,0.585214674472809,0.11757,0.193513423204422
95,Poland,46,5.97300004959106,0.69058,0.520342111587524,0.055,0.158465966582298
96,Portugal,89,5.19500017166138,0.79363,0.498465299606323,0.01521,0.0951027125120163
97,Qatar,35,6.375,0.71723,0.604130983352661,0.48049,0.330473870038986
98,Romania,57,5.82499980926514,0.67602,0.457003742456436,0.00679,0.133519917726517
99,Rwanda,151,3.47099995613098,0.31865,0.581843852996826,0.50521,0.252756029367447
100,Saudi Arabia,37,6.3439998626709,0.59267,0.449750572443008,0.30008,0.147616013884544
101,Senegal,115,4.53499984741211,0.40457,0.377922266721725,0.11681,0.183468893170357
102,Serbia,73,5.39499998092651,0.6458,0.208715528249741,0.04339,0.220125883817673
103,Sierra Leone,106,4.70900011062622,0.0,0.318697690963745,0.08196,0.293040901422501
104,Singapore,26,6.57200002670288,0.94719,0.549840569496155,0.46987,0.345965981483459
105,Slovenia,62,5.75799989700317,0.79151,0.572575807571411,0.03635,0.242649093270302
106,South Africa,101,4.8289999961853,0.18611,0.479246735572815,0.08415,0.139362379908562
107,Spain,34,6.40299987792969,0.87896,0.408781230449677,0.06137,0.190133571624756
108,Sri Lanka,120,4.44000005722046,0.62007,0.561213254928589,0.07964,0.490863561630249
109,Sweden,9,7.28399991989136,0.83121,0.612924098968506,0.40867,0.385399252176285
110,Switzerland,4,7.49399995803833,0.86303,0.620070576667786,0.41203,0.290549278259277
111,Tajikistan,96,5.04099988937378,0.53119,0.471566706895828,0.13509,0.248997643589973
112,Tanzania,153,3.34899997711182,0.357,0.390017777681351,0.05099,0.354256361722946
113,Thailand,32,6.42399978637695,0.64915,0.580200731754303,0.02833,0.572123110294342
114,Togo,150,3.49499988555908,0.24811,0.38042613863945,0.11587,0.196896150708199
115,Tunisia,102,4.80499982833862,0.59577,0.289680689573288,0.0817,0.0496933571994305
116,Turkey,69,5.5,0.64718,0.300740599632263,0.12348,0.0466930419206619
117,Turkmenistan,59,5.82200002670288,0.44006,0.41827192902565,0.28467,0.24992498755455
118,Uganda,133,4.08099985122681,0.19625,0.443185955286026,0.06442,0.325766056776047
119,Ukraine,132,4.09600019454956,0.58628,0.122974775731564,0.01829,0.270061463117599
120,United Arab Emirates,21,6.64799976348877,0.72993,0.60834527015686,0.35561,0.3609419465065
121,United Kingdom,19,6.71400022506714,0.80991,0.508190035820007,0.27399,0.492774158716202
122,United States,14,6.99300003051758,0.779,0.505740523338318,0.14868,0.392578780651093
123,Uruguay,28,6.4539999961853,0.72183,0.57939225435257,0.21394,0.175096929073334
124,Uzbekistan,47,5.97100019454956,0.50163,0.658248662948608,0.28333,0.415983647108078
125,Vietnam,94,5.07399988174438,0.66157,0.571055591106415,0.11556,0.234968051314354
126,Zambia,116,4.51399993896484,0.23573,0.461603492498398,0.11479,0.249580144882202
127,Zimbabwe,138,3.875,0.1595,0.336384207010269,0.08582,0.189143493771553
