,Country,Rank,Score,Life Expentancy,Freedom,Corruption,Generosity
0,Afghanistan,154,3.36,0.17344,0.1643,0.07112,0.31268
1,Albania,109,4.655,0.73007,0.31866,0.05301,0.1684
2,Algeria,38,6.355,0.61804,0.21006,0.16157,0.07044
3,Argentina,26,6.65,0.69711,0.42284,0.07296,0.10989
4,Armenia,121,4.36,0.64083,0.14037,0.03616,0.07793
5,Australia,9,7.313,0.8512,0.56837,0.32331,0.47407
6,Austria,12,7.119,0.80565,0.54355,0.21348,0.32865
7,Azerbaijan,81,5.291,0.54504,0.35327,0.17914,0.0564
8,Bahrain,42,6.218,0.65696,0.47375,0.25772,0.17147
9,Bangladesh,110,4.643,0.52989,0.39778,0.12583,0.19132
10,Belarus,61,5.802,0.63104,0.29091,0.17457,0.13942
11,Belgium,18,6.929,0.81959,0.51354,0.26248,0.2424
12,Benin,153,3.484,0.21028,0.39747,0.06681,0.2018
13,Bhutan,84,5.196,0.49759,0.46074,0.1616,0.48546
14,Bolivia,59,5.822,0.4697,0.50961,0.07746,0.21698
15,Bosnia and Herzegovina,87,5.163,0.70766,0.09511,0.0,0.29889
16,Botswana,137,3.974,0.34752,0.44089,0.10769,0.12425
17,Brazil,17,6.952,0.61415,0.40425,0.14166,0.15776
18,Bulgaria,129,4.217,0.67806,0.21219,0.00615,0.12793
19,Burkina Faso,145,3.739,0.21297,0.3337,0.12533,0.24353
20,Burundi,157,2.905,0.15747,0.0432,0.09419,0.2029
21,Cambodia,140,3.907,0.42494,0.58852,0.08092,0.40339
22,Cameroon,114,4.513,0.12698,0.42736,0.06126,0.2268
23,Canada,6,7.404,0.8276,0.5737,0.31329,0.44834
24,Chad,144,3.763,0.03824,0.12807,0.04952,0.18667
25,Chile,24,6.705,0.81883,0.37789,0.11451,0.31595
26,China,83,5.245,0.73561,0.44012,0.02745,0.04959
27,Colombia,31,6.481,0.59659,0.44735,0.05399,0.15626
28,Costa Rica,14,7.087,0.76146,0.55225,0.10547,0.22553
29,Croatia,74,5.488,0.70524,0.23907,0.04002,0.18434
30,Cyprus,69,5.546,0.8488,0.29507,0.05228,0.27906
31,Czech Republic,27,6.596,0.76376,0.41418,0.03986,0.09929
32,Denmark,1,7.526,0.79504,0.57941,0.44453,0.36171
33,Dominican Republic,89,5.155,0.57669,0.52259,0.12372,0.21286
34,Ecuador,51,5.976,0.68613,0.4027,0.18037,0.10074
35,El Salvador,46,6.068,0.596,0.37269,0.10613,0.08877
36,Estonia,72,5.517,0.68098,0.41511,0.18519,0.08423
37,Ethiopia,115,4.508,0.34578,0.36703,0.1717,0.29522
38,Finland,5,7.413,0.81091,0.57104,0.41004,0.25492
39,France,32,6.478,0.83795,0.46562,0.17808,0.1216
40,Gabon,134,4.121,0.3494,0.28098,0.09314,0.06244
41,Georgia,126,4.252,0.64035,0.32461,0.3188,0.06786
42,Germany,16,6.994,0.81487,0.53466,0.28551,0.30452
43,Ghana,124,4.276,0.29681,0.40973,0.0326,0.21203
44,Greece,99,5.033,0.80029,0.05822,0.04127,0.0
45,Guatemala,39,6.324,0.54039,0.50379,0.08701,0.28808
46,Guinea,151,3.607,0.18829,0.30953,0.1192,0.29914
47,Haiti,136,4.028,0.27494,0.12072,0.14476,0.47958
48,Honduras,104,4.871,0.58383,0.26755,0.06906,0.2044
49,Hungary,91,5.145,0.67608,0.1977,0.04472,0.099
50,Iceland,3,7.501,0.86733,0.56624,0.14975,0.47678
51,India,118,4.404,0.45091,0.40285,0.08722,0.25028
52,Indonesia,79,5.314,0.49374,0.39237,0.00322,0.56521
53,Iraq,112,4.575,0.51076,0.24856,0.13636,0.19589
54,Ireland,19,6.907,0.81455,0.54008,0.29754,0.44963
55,Israel,11,7.267,0.84917,0.36432,0.08728,0.32288
56,Italy,50,5.977,0.85102,0.18827,0.02556,0.16684
57,Jamaica,73,5.51,0.59469,0.43597,0.04294,0.22245
58,Japan,53,5.921,0.91491,0.46761,0.18985,0.10224
59,Jordan,80,5.303,0.60712,0.36023,0.13297,0.14262
60,Kazakhstan,54,5.919,0.57386,0.4052,0.11132,0.15011
61,Kenya,122,4.356,0.30147,0.40576,0.06686,0.41328
62,Kosovo,77,5.401,0.54,0.14396,0.06547,0.27992
63,Kuwait,41,6.239,0.63569,0.43166,0.23669,0.15965
64,Latvia,68,5.56,0.63952,0.27996,0.0889,0.17445
65,Lebanon,93,5.129,0.76171,0.26228,0.03061,0.23693
66,Liberia,150,3.622,0.23165,0.25748,0.04852,0.24063
67,Libya,67,5.615,0.52304,0.40672,0.10339,0.17087
68,Lithuania,60,5.813,0.64674,0.18929,0.0182,0.02025
69,Luxembourg,20,6.871,0.84542,0.5487,0.35329,0.27571
70,Madagascar,148,3.695,0.37109,0.13684,0.07506,0.2204
71,Malawi,132,4.156,0.29364,0.4143,0.07564,0.30968
72,Malaysia,47,6.005,0.62366,0.39031,0.09081,0.41474
73,Mali,135,4.073,0.16347,0.27544,0.13647,0.21064
74,Malta,30,6.488,0.80315,0.54994,0.17554,0.56237
75,Mauritania,130,4.201,0.28639,0.1268,0.17955,0.22686
76,Mauritius,66,5.648,0.66189,0.46145,0.05203,0.36951
77,Mexico,21,6.778,0.71143,0.37709,0.18355,0.11735
78,Moldova,55,5.897,0.52309,0.25202,0.01903,0.19997
79,Mongolia,101,4.907,0.55469,0.35972,0.03285,0.34539
80,Montenegro,88,5.161,0.63533,0.15111,0.12721,0.17191
81,Morocco,90,5.151,0.59471,0.25646,0.08404,0.04053
82,Myanmar,119,4.395,0.3988,0.42692,0.20243,0.81971
83,Nepal,107,4.793,0.50073,0.37012,0.07008,0.3816
84,Netherlands,7,7.339,0.81231,0.55211,0.29927,0.47416
85,New Zealand,8,7.334,0.83096,0.58147,0.41904,0.49401
86,Nicaragua,48,5.992,0.65213,0.46582,0.16292,0.29773
87,Niger,142,3.856,0.26162,0.38041,0.17176,0.2097
88,Nigeria,103,4.875,0.05108,0.27854,0.0305,0.23219
89,Norway,4,7.498,0.79579,0.59609,0.35776,0.37895
90,Pakistan,92,5.132,0.40306,0.14622,0.1388,0.31185
91,Panama,25,6.701,0.70835,0.48927,0.08423,0.2418
92,Paraguay,70,5.538,0.58295,0.46235,0.07396,0.25296
93,Peru,64,5.743,0.62994,0.37502,0.05292,0.14527
94,Philippines,82,5.279,0.47036,0.54854,0.11757,0.21674
95,Poland,57,5.835,0.69058,0.4519,0.055,0.14443
96,Portugal,94,5.123,0.79363,0.44727,0.01521,0.11691
97,Qatar,36,6.375,0.71723,0.56679,0.48049,0.32388
98,Romania,71,5.528,0.67602,0.36712,0.00679,0.12889
99,Rwanda,152,3.515,0.31865,0.5432,0.50521,0.23552
100,Saudi Arabia,34,6.379,0.59267,0.37904,0.30008,0.15457
101,Senegal,128,4.219,0.40457,0.31056,0.11681,0.19103
102,Serbia,86,5.177,0.6458,0.15718,0.04339,0.20737
103,Sierra Leone,111,4.635,0.0,0.30685,0.08196,0.23897
104,Singapore,22,6.739,0.94719,0.4877,0.46987,0.32706
105,Slovenia,63,5.768,0.79151,0.53164,0.03635,0.25738
106,South Africa,116,4.459,0.18611,0.42483,0.08415,0.13656
107,Spain,37,6.361,0.87896,0.37545,0.06137,0.17665
108,Sri Lanka,117,4.415,0.62007,0.50817,0.07964,0.46978
109,Sweden,10,7.291,0.83121,0.58218,0.40867,0.38254
110,Switzerland,2,7.509,0.86303,0.58557,0.41203,0.28083
111,Tajikistan,100,4.996,0.53119,0.43408,0.13509,0.25998
112,Tanzania,149,3.666,0.357,0.3176,0.05099,0.31472
113,Thailand,33,6.474,0.64915,0.49553,0.02833,0.58696
114,Togo,155,3.303,0.24811,0.34678,0.11587,0.17517
115,Tunisia,98,5.045,0.59577,0.23553,0.0817,0.03936
116,Turkey,78,5.389,0.64718,0.23889,0.12348,0.04707
117,Turkmenistan,65,5.658,0.44006,0.37408,0.28467,0.22567
118,Uganda,145,3.739,0.19625,0.43653,0.06442,0.27102
119,Ukraine,123,4.324,0.58628,0.12859,0.01829,0.20363
120,United Arab Emirates,28,6.573,0.72993,0.56215,0.35561,0.26591
121,United Kingdom,23,6.725,0.80991,0.50036,0.27399,0.50156
122,United States,13,7.104,0.779,0.48163,0.14868,0.41077
123,Uruguay,29,6.545,0.72183,0.54388,0.21394,0.18056
124,Uzbekistan,49,5.987,0.50163,0.60848,0.28333,0.34326
125,Vietnam,96,5.061,0.66157,0.55954,0.11556,0.25075
126,Zambia,106,4.795,0.23573,0.42662,0.11479,0.17866
127,Zimbabwe,131,4.193,0.1595,0.25429,0.08582,0.18503
